# Created by Octave 4.0.0, Wed Mar 14 21:00:16 2018 CST <hujia@hujia>
# name: x
# type: matrix
# rows: 2
# columns: 1
 -3.450447486214617
 0.1338399426888076


