# Created by Octave 4.0.0, Wed Mar 14 20:33:03 2018 CST <hujia@hujia>
# name: x
# type: matrix
# rows: 36
# columns: 1
 -0.04286594585598071
 -0.0543261461005884
 -0.05632471331569935
 -0.03163848607436155
 -0.04276122483421736
 -0.03860874925745904
 -0.04065870692869854
 -0.0395443542507771
 -0.02828147073871028
 -0.05718443375306873
 -0.08379818597789881
 -0.1087424397288915
 -0.08161746976884737
 -0.05939051794035321
 -0.05288954989019905
 -0.02065194182836907
 0.01840212927747439
 0.01886638799040704
 0.01844986301985552
 0.02105765490173775
 0.08216773630411286
 0.07085217877763245
 0.0588729183636884
 0.01299120050552263
 0.04715293591202942
 0.06953744180531905
 0.04023592393624895
 0.05684575605726424
 0.1017626581643385
 0.05455302247110321
 -0.00637440527494389
 0.005760538677073252
 0.03843314054595685
 0.05382549124851614
 0.03350667312901476
 0.003644862928454239


